id,screen_name
2550900133,BretCarbone
14792049,politicususa
23281108,marceelias
2938101621,IChatterjea
1529312899,dvlprofakidsmnd
1055296310658519040,WolfMyers3
1293205832,A_lex_alex
1335373844,nanadoon3
19790654,GopherGrad
21936222,Rustydobe
2297330653,ApocalypticaNow
3901089557,EnnuiMalaise
1225412195472805888,FranciesMary
6669152,Drewem
1053872913051512832,sairsyr
1266409019553591297,TxPlantsman
149283816,metaquest
3199848046,Neil4birds
1260279834,AdavisWilliams
808108063,ElectProject
733357496568532992,BookishFeminist
288914171,mattytoth
64912254,marycsquared
427412318,JaneOparowski
452696089,postofficetruth
146688934,CheeseWeasel70
295579826,savethepo
708309230059712512,DashiellHammlet
14178072,iamdb
1267973264132861953,Gypsymama131
19212015,PamelafBrockman
67186491,Sassycatz
1023940182184288257,BBBigshanks2019
815251442172915712,snowstormyou
918677599508975616,ArdmoreJohn
2199126090,StrangeChicken8
520148825,animaeme
24348660,jfjabbo
107497796,RobbinSimmons7
97792916,akemor
777985631607746561,peacelovinMimi
1222590377674395648,PalmBeach4Biden
1112486646,LisaKBromley
386215505,JJohnsonLaw
120598755,KathyCybele
1271205805,karshaner
4421603307,Micheleboyd1224
1207705426839646208,HotWxTakes
41465507,DeirdreJones54
119154083,DivineMsMia
3007085424,chvz2032
898979912,ShigeyoK
826244262908002304,Tsiser45
1260341182430883840,AdrianaLoveBugs
932744191,LaurieTruesdell
352080261,ldgreen23
1147253793085693952,Orange__Fish
22631720,ToniFoxx
29148418,lynitta
1090041105129840640,CarolLei4
756319715081883648,phillis_randy
52430230,bouch23bg
1082830789283332096,ilovepaulmcc
311128212,coremudgeon
34698537,kenn264
1465827422,FOTCangela
822644871865499648,FscntdFrnd
28623381,karalearota
795742382411157504,ruth_hartjen
945797143,carolstein01
3267759990,queerlycontent
1278798052204122113,railroadcity1
64335872,BarbP11
1296281183471284227,MadelineJaroch
25298198,cool_v
2821949553,suki3hunna
1061472870,blacktivation
1299077840,funnyesquire
334505800,kimosim
4478133557,michaelmendy10
2155916166,mnpotter56
16017195,jodmentum
1033838696,flanole
43218678,studentsabrina
887976378,LRNoyes
1099412704291377153,mariasm98804986
883325869615349760,SaneResponz
304225239,StonZMGMT
1214999563888726023,TNewsanimal
817867291559952384,galwaygirl129
416258864,dsg_rr17
1266412276539625472,001maxlogic
712546956,CassWhit89
3063714687,La_anonime
4074792076,SueHDemocrat
71349268,aad100
769204085430030336,NatureRulesUs
4072401,nminow
616740228,Debbie_Winslow_
825498599551332352,jchickoryfarm1
934244381879668736,MileenKirkpatr3
2983488834,DGr8ed
1119696966,staceypo
333186188,Batch4Change
1022450978,amosgw
290184444,yrubored
144255614,aromaofbagels
332606373,jvgtweet
219587171,MetroDiversity
772234466,lseefeldt3
166041974,TweetingTracy
43165408,WesProtich
821821722332495872,Johnpow777
237101496,YNWA_Liverpool9
212659149,nessatism
1011801625,Dupe1970
1243086778904588289,JDubhthaigh
84444434,TenochFlores
980611,Karoli
753358988,ArTallks
111631895,net7654321
824943784781832192,eiregirl58
785963597683916800,JackieYSoto
845824702954246144,carol_33410
47784981,joseph604
79553432,PennyCees
34889593,trix6
116048117,maramcewin
2887560107,michelemg5
2408260398,poweredbymonkey
406569491,skatebal
257082907,kimby55
9137872,makriese
714477321953140736,BregmanPs
328006479,Cozy1950
876611383265296385,FragileFern
1549651490,jcmarbury
1142304819828445184,ZackMack9911
1225717915594432512,LeAnnaRitter84
825799311959138304,renaitre8
203171522,BuffFan42
126702476,AuroraCabrona
28991826,Faith2mvmtns
111664523,Maltomash
1147111113785581569,FabianiMas
1295148021018243074,vinniegee3
924847130711396352,AliAvanti82
1180297325119496192,CaptNostradamus
137328500,wjw26
17403395,575haiku
1154525124122546176,bitchin_vixen
997682274,BryanDawsonUSA
3148420057,turttle63
617646369,Realetti
762845473493258240,xcariati
165262888,jetcitywoman28
29063926,CarmanK1
1482492223,Jax6655
1079117266753445888,MJResister
824494418967273472,dmbell19591
65444249,mamachangus
19664367,DanSkinnerArt
3400700147,CalicoJewels
238678729,Sds77Wqe233
9039792,cgerrish
927182626091253770,SusanDunbar18
232111583,Chambord22
5513002,Marmel
53054150,jetbox20
1977538452,vividjohn1
38705789,DesertBeacon
801224294214733825,LeslieERANOW
20214551,januarycat
1162060304542363649,KerryG163
833032249423589376,LateBloomer111
2825494585,patfendel
4584282501,nursiegal75
1151561791408730112,karen_westberg
951910931839188992,schober_henry
851205216934522880,Minervasbard
1523891821,Analisa_Swan
901309327188910081,cornish1969
322234897,stillwaters1029
2777480976,gayleasher1
800383563233300480,ChloeAd35418085
48438556,srauer20
825832146338066432,Jarhead_80
35654036,katzinn
761968955774869504,Smartwoman2019
1221127348709396480,YourBozo
824348922328076298,CLarsenNY
775533304942592004,LovesToDoGood
1119667923155447808,lvlady_12
113349253,Lnonblonde
23859023,flightbomb
362230593,ssaub
1684468832,js92879
707051696602525696,MagyarResist
30798546,twithappens34
2166971430,mitziD63
39901155,7Calypso
4141780158,krit00000
190870444,NewtWittier
743158468073263105,TheThinkWing
1922115786,NursesLeading
820148666,jazziknits
4254816073,jypseywheel
119955567,RESISTERDELUXE
459915151,ElegantLeopard
4138868054,rebeccadheitz
128336722,walterecurtis
2732553018,ibpixiechick
106170555,buckeyeadamfan
354143143,boltgrrl
2412988891,NJTrainDelays
1186457310,Teddyshouse2II
15967000,EricRohrs
24343181,mapleridge8
8369312,bisquiat
14343410,fionaghal
16678856,strachanp
45548742,msfedor
1080666845282213890,Brindlepooch
298746090,stohsie222
184625257,Ramcccc
845083407860334593,eastgoshendems
114740260,WestChesterPA17
914927539,K_M_McCarthy
840733298989096960,CeceRozi
765638364372594689,EmmaJaneMcLaury
2861699530,Raff19970
784850639947829248,websterwakeemup
335114476,Sherlsz
2668034437,ThurlowRoad
2715220689,angelbuns69
1271960310463766528,aoueseph
21165173,matthewguma
726524432,ScottGeiger66
336201124,wyndovelh
832642893470953472,laf13laf
329962403,ana_abqnm
244642285,ctravlos
20862421,jeff7091
870386012400254976,moxiepassion
16297067,PamUnplugged
718239605892497408,Playfulimp
1255923549791027200,watermelonRD
297813399,JoChiaradia
1272792288,phveilleux
25883858,LASR0411
3344266661,PenalvaCubana
2307686664,leighdemich
473237658,MessagingMatt
229518601,moberzan
813110567808466944,barncat26
194745468,ReneesNewAdvent
969773006598934528,dawnonme3
151639986,DTrowbridge74
3932832137,choochbucket
971082899381305344,JoyceinReno
818267764414676996,Morris5021
18556145,grannypen
23234073,IlanaCT
127937545,cathybbyxd
89337404,CharlesFinch
893790805,CarlaJNorton
245970109,reillybergs
832956154066124800,colello_m_t
984169261160714242,jll1940
933880775493029888,AndreaBickman
2253544608,hlthiskrieger
800033032807673856,shuttermug1
3011777438,Dee_SaveUSA
4900890843,skhanna914
906691278934560770,ceckodama
186501062,grudging1
2409327216,RailCapon
88869834,trudygonzales
757739089,onecaliberal
291792786,Ralf_Lx
15081378,iamgreenbean
2267938020,LilithGardener
309106340,LRick1960
1353010333,Wendelljo53
780598264231923713,sunmtn3
1077195671571189760,politiFRESH
884979764276101120,musicaamazigh
2197266151,tracyk726
508300996,jasr9203
1287183554925826048,Cat4Democracy
4476084275,Deemoney521
1266928200791109632,Kaye78861930
1115784463483637762,DBossIsBack2
102555046,enferoui
385735929,AndyAnderson30
2724997556,makinitmyway
851751855487148032,Jinxy_Minxy
4519308799,collegegrit
277718551,MyBigRedTruck
745970453030678529,wechoosewisdom
785519036,marylinjenkins
14876283,mnswede
106457836,Avonan
17785882,alanpdx
1151704477,fs_bocaj
126071515,DeborahENTJ
137447314,nanciemac
2485726615,bameado1
1111701057225150465,MaryanneChisho2
251235684,cnare
2462429408,JillBNow
24853471,IkyCat
50226915,Meidas_Karine
17664447,steveciganek
29817313,estebanyourface
37048835,TheObamaphile
38514131,QuailGirlSpeaks
796243145495224324,TDMimiMeow
298889871,NCPJKMKCABLK
3201126137,robertmlaite
355401485,Deeheart99
130938557,pamwallace
1060784466749140997,honua_malama
17642747,tonyposnanski
1051396218,EvanMcMullin
807975026,svdate
16148602,IdeaGov
1073047860260814848,CaslerNoel
1143296723638337536,Marston4ca42
2955491920,l_brogan59
19084896,TheRickWilson
1205226529455632385,ProjectLincoln
3438358100,PhilMurphyNJ
713839291210792960,TheDemCoalition
1254544777892319233,CuppsLynell
20442641,jeanfuntango
824320363257413633,DogginTrump
942147317435654144,BrendaSchlossb1
924409957759328257,heider_rochelle
879340898131333120,516_9392
4297278496,jenny_constant
2856133189,PINK1963DSW
4730403444,gumboqueen3030
499499615,rpennington9
3143150490,RKimberlily
3436468780,DipFreshiest
46826577,swk247
795362002285764608,Trinab1807
3855763299,rethnkdvid
1115972645386899456,Ferial98241140
16588168,mismanic
17072387,gailborges
959157765976584192,Betty20500208
927609590245556224,Melinda62909033
86392086,jlynneda
3042104196,slanderson2474
45073524,stepheniedodson
23257662,Bronco823
20411464,colemarie
3355504205,LAjuliemccoy
824382906713907201,reallymlab
1272882323625631744,MariePe27763767
1281009042866012160,KidsAreGreat1
3436687450,Jk67Joan
748687590,sexykalamata
416356439,Kellyw324
1196542828056236033,wavinblue62
18767182,c0ugar13
1549163946,DawnaRickelz
783321852580167680,MikeKingMaker
16084172,pg12204
270634060,ajstarr10
879459933988585472,Davecl3069
17625067,pcabrol
780523794502979584,AmyV333
2529044971,Archaeologist03
155303094,luapyelrab
125173457,jewellepperson
368070942,vikingsarehere
1048628196264968193,Davidsannie4
35129760,SylviaM08
2547790158,SophiaLamar1
410450384,deannie7112011
2472547938,Tully477
356217870,theNinjaManiac
16207883,deepen915
1177995240499601408,Gigi64631860
2189257184,Virgini98900230
1368302030,Gitsie007
1437563413,CuzISaidSoBrat
549817688,nwayne66
724364108,StarrMejia
874741447,HermannRick
1220595548,Jo_Kwanghee_07
2688292905,Ccaragon57
512830524,CathleenKucz
620543901,DiazSandrad10
496110141,Fractivista
116139320,jahney1
109130515,PIWillia
746112895885283329,younakahara1970
464074395,litehausgirl530
1187384293707767809,FedUpAmerican07
3186759542,snuneznm
195870839,freddyatton
999392118115356673,rose_bellamy
382703296,HecklerJohn1
1028706061,sfbayareamale
1246299870580936704,KelliStuart15
2310620750,maggie_menchaca
770818737062621185,BarrieAnnMason1
1241595811462438912,SeanNewhouse4
3267492132,MJG1975_1
789474411980226560,MiroslawDudek
89782747,wirebiter38
825037793160261633,Lorisantacroce2
800128027032100864,Iheartskwerls
416560148,1AwakeWorld
823224808162758657,HoraceAnkle
4311881121,Oli1Tita
1004134866,valeriejames5
962211528773484544,ShazinOr
905227912546103297,Lmo66Olson
880543414172909572,Krissysmomma2
629019198,redramblerkid
2928183748,nancypreuss
1255315095619538944,LadyMvoteblue
2724372662,Murph10P
1233005503883759617,SonResister
405246849,DTHutson
825676092279234560,abbyeasy
401638876,Hooplaoly
3371829033,bjsbook
1220848855996141570,mssurvivor2
2326119812,PeggyMaslowski
24320281,turboe4truth
915837860,KennaStevens1
363041417,faith_true
1915810406,Bruno_Corazon
68104130,squeaker3
57963479,tressalog
328642278,leslievermeulen
340601348,DelVecchioF
586789774,arh7854
3224321133,ninasergison_0
824353031391236098,YellerstoneNPS
2844396602,tomasacat
79094140,lprooflive
1239213266066460674,Daysend10
2254196096,MitchCalabrase
754773588654297088,coachgramps6
906482676,CarolLaurencell
302222714,TheJessle
902217192795754497,elid955
21351342,m42calhoun
1063605467023360001,lulu33062
1009184914321920001,martin69052630
992151308,HeatherGuffeyh
277257495,chriswpete
1153889225177092097,chaser0016
843252397661011968,OtterHale
800783792428302336,angela_dummett
38704097,centsible
2382566083,Jondhughes333
717468384015859712,MarthaLynneOwe1
1653783318,LoriEubanks6
1268013074608353288,lolatheluvhippo
3485382014,janet_yackle
1270981032,rhonmhon8
1266712561518620675,autismblknproud
421933415,RosemarieBrown3
1288734220651835396,theProgEqualist
393961304,juanycfhall
965459911026118656,woods353
898285410874535937,Oppointel1
467726691,CheriJacobus
105654088,lauowolf
28155192,bevleonard
922153304,BlueIndiana1
905075960109719552,Christi54789292
1219718298176233479,SilkFelice
1028962892039835648,CFitzBroadway
1055113602229829633,Jsaw__
629852788,BunkerBitchDT
88500722,baddiyeki
3306553484,NancySa45944060
845631893789954048,REALaltMiddle
2896741995,GreatKellyB
40788167,Nicholjr
2314180405,Tessa_Ktree
30443524,ChuckTheCEO
2223157392,NormOrnstein
400283223,BillSomhigh36
2778655308,JennaSeeks
316868167,PamazonKirk
219701435,manucpa
1236769687968591877,InspectorNunes
964234439558664192,willoughby_12
16911584,CorinneAM
878291073226993664,Geoff_McGivern
975176637137522688,GraigFarid
1223636405483704322,midwest_sarah
944562672305168384,CCEairhifiveguy
1002208730941882370,topherius1
36732435,Kellyk1969
707302043,MikeC_PA6thDist
1148385722,McCainSuzanne
124159838,ruivelosomx
718531789,grateful14u
1180167048929910788,Pan31073386
1867750286,cotey_mary
1355271206,NolefanpaG
1008868556002545664,Wolfbane1946
1210098278,CastonChris
57910631,H_X_S
1102812644,EricksonHolt
797446400401346560,CDB113
953117943025475584,MaryFagan03
333014276,OMAHAGEMGIRL
1001540247971336192,KMiller45046553
30706941,MaryAnneGruen
582377058,COVID19TestsNow
1218605146462216193,KatTompkins
1610769752,MilkyM2020
151709303,bear4136
6670372,SuccessntheCity
937487664869199875,CarlBinns5
141708185,JonMattalia
1015119344,krazio
1080911406,Redfuzz98
4369700900,____Roar____
28823676,manavseth
71936967,mgr4463
817618096772874241,suffraggette
989491855858589696,scottth37284916
998932641893289984,Worried_gma4
820352025271468032,davaldod
1242502779580669953,DrGori14
927251069654224903,juno53211
280110910,oonasez
353073130,arabellarcm
3127472819,aslanboga01
3216800375,andyinTOONT
305010445,henriettanahmer
266983946,GladysKrav
414348907,allmostanyone
310290883,USAbetrayed
740737945619947521,79topper
1289357421652082689,marykmiller5
1265647256,adeleatplay
1276872745997959171,anthonywoldete1
1209320835535822848,Taracallie1
1033866725819928577,capesal31
842910767695388672,rensen_al
153177381,micjojd
824375009573416960,IndayIvic
14584379,waltman
934144332411670528,charlie21963535
14150376,livingflame
1238835851959963648,yeehaw720
17471611,Alyson93
2970172617,pilotithigh
346173354,DonniSlater
34945113,sandal2
1298751697393770496,LizabethIvy6606
47108966,bmikeyp
40165293,MtVernon1799
782436559467360257,JamarlyR
17027924,pauladrake
819979447814078464,gmaof2b
2507994280,Dantromp_
1263171187066179588,Average96273121
3011485334,ZoraCaviar
902689690704367616,jdf754
3325011654,DEEGILES0410
1199894983521779712,beverly_riffe
758493791674335232,DantesVonEdmon
4128590771,cffschroeder
132200118,CallMePov
24945570,JJBuckingham
1519465866,mustangmovile
2636340443,debr3322
328700027,RosalieVermeire
1057291099566469120,NateStein84
1009945881016193024,that_darn
1063191421937684481,ve10ve
880944685006569473,liz_beybey
76909015,MountainPassage
29130393,tnjordon
84672789,t3ssash3ll3y
247461034,adadnamedChris
785827332,u_wanna_eh
1522828765,Sisterwriter
1222361954586632193,AllisC4
1028347375,HappyReader3
1272192908452679685,EdwardFortuna12
108151251,pixiekat666
807998957708115968,FireTrumpToday
36707014,MerkyWatuh
2973928635,jillchristinek
1158870743238762496,romao_antunes
1018225893121187840,busdrivinmomma1
251018023,thewrightkansan
1012168410266992642,LafizzyD
816299540877889536,DN7153
1110694681917059072,bessieglass11
819011804311523328,rhionpaulsen
19927348,chsnamu
355851082,biobaby19
752026828831809538,rjeanroberts
21114568,ChaseDunnette
1177674699054166016,veganinafrica
1568124685,don_harris1
2323962097,Alexfurmark
2386895198,JamesDevaney2
17933431,softreeds
514895065,kernandogs
797326284045090816,gbollmann01
246498739,billrockey
2317517930,Tesscatbird
1378845446,coffsage
2655144752,lachic288
2872001079,picklemonstern
361914626,JohnMarkowski1
702789133635289092,westnewz
1217552218116775941,LesterMoe6
42319173,TheRealFatThor
1197344424596066304,TW22137888
1217884336088739840,julianacohn1
28016526,SpencerDrees
14721404,thedauf
715697801657626624,lilley_ross
810018503281537024,gasior_gina
1196967315302207489,patriot38897359
824236358621339648,GuruCupcake
944038506082443264,MarkWilderman4
4899890945,JBergeron94
706584573,BHscenes11
1472464970,Speak4Tomorrow
992174900,katestiki
401988160,CaRead99
346985769,bksLD21
75996952,Sugar__Lumps
2273154285,VtSusie
3617835570,CherKalleck
1234099705421979651,LURVEN8
2868241610,kenbax47
253845317,mounumi
905949392997376000,eturner525
515158000,tinat1967
846889045913485315,ScottUWEC
305516986,Mariposadietz
950168599137677313,7SinsOfTrump
827595164961140737,mcnorski
751645422146301953,Andreab20392008
1955841,tundrahdesert
170449761,DocGamester
4886250034,jennchristy1
38639718,lise_latulippe
989218016255709186,jjsmokkieBOY57
1298993854507442180,XXpatgrl
723885809166868481,social_seer
800880569487749122,MediciSusan
826286191729336320,Rumbledoll52
1059562926929936384,IzraelThe
2398176724,ndionne2020
933378720,hope_sherman
1069852626,17DISH
55060090,realTuckFrumper
456119398,WeepingNaiad
389343664,itumamas
1723750238,bunchums2003
796145502,FrauDoktor11
2325793699,jcstaton1
28069235,taxcathi
2369503258,ddeg590
1008681890927316992,DNsliced
2547027481,cindermis
805514415860633600,Mgivens61
928712572471336960,BrendaHazelhur1
947948554731032577,dk1821dk
1270445709330874370,DianaMo31936872
3267722563,organizat_behav
1109152570365214720,LinnieB6
762791874,tstorm4eva
1173373195094810627,NoToRiOuSJay_R
748734311935799300,JoeWilder01
1138595412950913024,IStandWithFists
1207850887563087872,karenwagner36
827985766219390976,nochance56
821554861758119937,raeraeh1
796838577636306945,SylviaZ1913
464809401,mchastang84
70283054,losivad
1065736917986107392,RaughtDenise
28947303,sevenheismans
378365911,my_observation
2525951305,lanie551
30102206,barron1969
1075806244043132929,FryersLaurel
19408276,mcat614
1282693357890940928,JakeMondale
2633136976,sharlaine_W
2175232365,AnderdzzyDebbie
17168309,Ewing619
3152227424,alwaysbsnapping
22225815,BUTTERFLY420
1246542250462625793,Tom_2112_CAD
1130482506812182528,MrDavidBloom1
4477563313,coyotelobo1
18030676,colinator5000
1266388742958231552,ChirlCrawford
1028998816710762497,Mugwort73
896725005333082113,linda_brickley
216642237,Lwregan
2680569998,LucyIsLightDL
1255577288223019008,DemocratsUp
787675635640434688,whoot_woot
1190105280693948416,Traceynotabot
4911208167,LikarLen
964155627177160704,loramckenna5
241430782,letsliveinpeace
86566729,juschlln
1081624414771326976,jason_pasquale
144829909,LadyValtaya
313076027,PiilaniYates
1536491971,Elyzium13
1115377685147062273,20PearlGirl57
144668938,Kath2252
1078680784721100800,GOPlastdays
824330386578751491,TiredAF1023
19133683,MariusSatori
888068545849942016,Jboudouma
768140059497365504,phillip92321
22376347,ejeffrey
950176562250506241,fengshuilady5
732751333690724353,7wolfsong
2432616608,GiuliaCesare2
35846837,JohnAndreu
969456950059692032,Shellbellone
539365917,bebamoralesrios
770023328442621952,raphaelha67
778040800626302981,PuppyHeadandmam
206899952,logisticsxpert
4819440928,Grannywhotweets
1268501876846272514,Yahooooo51
353211046,Kuhlchic
266100544,crimsonskydeath
4508707693,EnglandQuirina
525861187,LisaAMarz
3290610772,cindylmelton
1009774319457722368,Mrstayinyourla1
951625278316601344,oceanview771
248936209,88SEATTLE61
970585214,mizwalliz
1269671691380285440,Oldharley1947
3258754962,CathleenBurto13
376821193,DishCommish
4487948292,ReneeVoiceBrand
4751330773,Wellness4You13
252909381,fishandkangaroo
4412109015,AlisonPower9
2615411837,dlipp3
1181420988736651264,OphelieDesMarin
1009239056071487491,gobidad11
3010907035,VickiClementi
1158841136439427072,MendiolaGrandma
1189411668859768832,D42587644
405816656,joanschulze
1138338044,CK1gamer
1131952422102769665,CynthiaGoldswo1
1268601049402822657,Gr8Paine
1065391811466862593,LescakSharon
866834163793633280,judypiejones
1269774706275729409,LindaLRobinson2
1196068073851232256,XavierOnassis1
1178046006530920449,mikerico77
15030019,maegabby49
943344692867010562,Leaf1967
2919258732,ChanGardiner
1017051122291412994,rmchair_expert
1293230422072205316,RonnieMotes8
216769245,SlapperHarley
2382931142,StillUnsocial
2875977765,debbie_marney41
832306149877743622,Jstewartresist
1134823576497020928,FlyLibi
859493739911233536,wolflayla420
766243731053940737,Reneeminarizona
25398204,MURTWITNESSONE
1217831560436535297,alllitupforyou
108073512,llabuda
1217977407661101057,Exit3281
1262900051644485633,Reginal20168360
885961952,MCEA1969
32894923,Kelly71169
787342267824631808,RonaldB63059302
2887856780,RohitianRR
1243937636047339520,JennStaley3
223060209,OhsweetSam
1222006552904830976,TwilaHodges
3303025153,TeresaMac2009
2749003019,GilksMom
1251252126879277057,Samseethree
332459850,TarynTennant
51726986,arw1950
827983658120208384,vet2980
72574984,eki123
4760068794,jimmythegma
803782681276416002,EricLuna1216
888817974437654528,Knarfeoz
961373050003443713,rice81469091
519964150,Talon1ewo
131056491,chickilopiccolo
2174355238,BDcd54
830151760333381633,cathy1854
308188572,ellswst
139529784,debbiedoo89
912677358859096065,spudmaster272
1130524899695570948,JudiNezforTruth
1153411918142611456,jacksonsmom62
353421381,Ridim_Luv
1002289957925474306,CarolWh39009963
1687168237,Bozo_Texino
1099314585813827584,gard_trudi
2914635075,C4_miles222
4494507141,watts_judi
829896736269295616,mzdawna23
3600506656,Wesley576a
3481394476,2Old2TakeThis
1066032735842590721,WilliamDunnJR1
1442062412,Lakekeys
188507812,sbryt
2176128152,RobinShatech47
2909423491,MaryV409
1599395898,Ferguson85Kim
1112787169670819842,tteribul
118149143,beverlynichols
309605202,A1471
1267788693567344641,SamanthaPerron4
24209167,JoshShapiroPA
25564023,birdieglad
2766324113,pannlewis44
178876880,sonneyjo
1009213011242967040,KathyCorley14
541316442,TimothyFranzen
1033441682,gailbriggs8
1036770110634123264,Lorrain22492203
443688861,WallStreet92660
2650919036,embeessem
45413265,BouviesMom
15926892,drodvik52
1297239205974814725,itsrllyramon
25028284,glenkyack
25073877,realDonaldTrump
11134252,GOP
775001102433394689,Bckrda
803694179079458816,SenKamalaHarris
15764644,SpeakerPelosi
939091,JoeBiden
747891181338525696,cosmicfirepeace
49398915,respectfullivin
290824795,chatcher2
28898751,frannyhelen
933604013173542912,Dennis43628821
888203517588099072,ConnieRR4
1236811157870166018,qigga_supreme
193457231,jeffssore
808433797331058689,Miki_2313
353832886,tecra_2
862459536476704768,mason_dixon_ln
803126068643328000,Muigi2
1243733755811909633,RudeJudy2
1258851426199121928,KASUMI30823210
3169013006,Pasqualiba
275788822,mccogan
475030642,OldSouthernDem
848185873137102851,Jbowers903
303589110,fiveiw
820003940,MauraPellet
1544372030,FathaMieux
2730035464,lewing99
110451755,TheCorollary
778018011722551297,lott_hayley
22142419,mg81992
235026482,bwepster
196808070,lucky4dog
2257208002,tkreider24
376617082,alextotheandru
14426048,jeffcannata
1195487952102547461,SamSmith_PhD
3356737575,Dianese22679298
846024202062848000,valentine_fa
39824470,EricJafMN
20269507,FritzClapp
1239402682353217536,ArePreachers
429189805,SunshineandHap
808949974209798144,CulRMartin
1259332565330100224,IndiscreetFrogs
83397587,DioMF
69745949,LoNe_GH0ST
42910254,dejavousagain
256285408,courageousgirl2
1266342636295802881,tj20481162
1716510241,jklearnit
863732553831915520,SquigglyLine21
4764064700,JerrysStuff777
4497632855,RedMC6
1240862220776423424,SheliaJ42679884
336660448,CardLinda
402091536,MsMariaT
284857992,FinylLegacy
756540555983777792,stevesgametra1n
128070453,DynamiteAdam
1041761995740078086,empanadas_0
23308520,JoeScordato
1128573021038551040,Sannom8
126957063,JParkins10
788428342680838145,Juliana4984
29967129,CnBsNana
1022242645316444161,SuzieAment
113120574,sabinenamba
193290585,carefulcommuter
1279424511331401728,trump_rid
800754846664003584,Joanieklein5
37824817,backporchlady
1152115395781902336,PatsTwoCents
248470217,tweet2colbra
16467789,kevindgrant
48903480,RayPride
988226695,AmyAyers16
1140363952372645889,DaisyTom5
1244096145539903489,jojo56189262
350095106,cmcshane12
109585567,SLWorona
423884773,bethnwoody
800047254216249344,BruceSlater13
181998571,Sean_AllDay
88978035,Petebuster
50157075,AaronMFC
2231864912,granitevoter
911396903987941377,AAFoxy1
821939292532604928,McneJames
20255622,gem326
830423773,4lokovirus
1886796366,GregIrwin9
51467558,SherryLuvsAdam
832014363435397120,KeepinItReal48
1092023983439003648,sparethoughts1
324449092,TheShroudOfFate
749638290,Honkverse
286809390,Castsfirststone
3158142493,denjingompi
1559939376,8BitHero_
161199620,corybarlog
25698890,konaflower
398165391,TrudiGilfillian
774809649983975426,Radar_Funk
799073330032611328,Pjgr8
68493002,painchaud
805526198163935232,solivitaguy
137806525,SknDoc
3196709017,Townbiznessman
507519496,VMasternes
2488473127,aschalson
14812712,BrianWonderful
288236788,CorpsAintPeople
330145442,dianerocks52
1044415506868985856,woodruff_oliver
811209924470538240,whatifisaidit
1006960540067848192,BobChiro
1242488032231653377,yeawelltoldu
799753953697099777,sunruhshine
24403753,piyushmittal
722862884703735808,JuliaChase1969
48298722,JoHardyGates
40576503,27sportsman
319859787,ap97748
4186510522,Bzyb80
1223973150628642816,Scarlet37934809
2924078775,AgathaWilcox3
27172261,SpeedBird_9
264451340,onahunttoday
849685715323506688,RcRegalstarfire
931039604,UnbrokenSpirit2
1504791397,powerofpapa
1173999122791055360,LardFDorkness2
3804928095,lindahagan46
1037467673108668416,jo_williams5
717548434308222977,summergirl2862
132170371,honnenogod
21836946,lrbarrit
2874625958,debrahubert51
170779243,justiceforall27
15604300,RocksNoSalt
1242468498523049985,420since1968
1054847559326298114,WatkinsDolf
860123351154556928,DeadlineWH
771388593130483712,11thHour
2768501,abcnews
182503471,TheLastWord
16129920,maddow
15012486,CBSNews
14173315,NBCNews
1243560408025198593,MeidasTouch
2836421,MSNBC
1107423734795624448,debbie_koss
1444969045,billgreig2
1185881037139795968,Starscream35
1143658219795038208,ForeverCurious8
1104942513935151104,JoeRyan11605295
844745947,Trini1903
1108416564238258176,VivaLaMaquis
796338184871354368,GlenRockRail
17216498,profilewriter
1102678208,LemurCat40
715862731220451329,GirlReporterNJT
21660781,ranman09
2349119701,QuantumHumanity
1048326771807068161,MarshaPieroni
842025891093991425,Pressure2018
755067453340839936,delosespejos
243758979,oldandvote
878018761432977409,SmithBlindlib5
1242564965342629891,CarefulBookworm
831151554413498369,Granikins
58360629,GolfSoBad
2680268547,DoldineR
1114241037529243648,VaHippen
924329295790604288,SueGlashauser
1188644486198579201,bjkrieg6
22086316,john_chu
243800178,procedurepols
1247405968289337347,BergtunRune
4175155288,ma_nyc7
2935352086,Jackiemb95Burns
756968537902682112,SteveLeZ28
284139213,DianneWing2
441146389,suzmarks
387446357,RitaLemkuil
388084214,WoodyMcBreairty
840239615273459712,DianaSc99717236
3396518649,KowalchikJM
822215679726100480,POTUS
1129095209772552192,TeamJoe
40931973,PAAttorneyGen
1383391723,rsm155
281283042,LiterateLiberal
29073978,Kaffe_Takk
59184324,Nickiflorida
1052896620797460481,RepHoulahan
1063095427698962432,RepDanielle
1069396688488595458,SenatorMuth
171598736,SenBobCasey
221162525,SenToomey
2978837542,GovernorTomWolf
164650525,paeznyc
808432572,DianeDavisWeeks
832339220144484355,MerleJennings18
121877969,mr_jj_cakes
1606344284,BigAerosmithFan
956290271859367936,JeanLaslo
1147089496875393026,JamieON94964661
14127420,oskywosky
4030346003,bucklerog
70918926,444sai
23136763,adammusicrocks
3059665419,iffycanfly
203611601,JoeKing3333
895158165871800320,BarbaraRedewill
50319546,DCotter1
81664859,susansviews
1140318085,xscoutie
1286077571629830144,StreckfussMatt
20105634,PatriotsNHfan
720377783415758853,nichols_lindy
836993627838644225,LouisLoukmh
142096963,GoogeliArt
21906070,Kegan05
1100223552693911557,Patrici99338384
1210606424029417473,TaieJudy
1265313782,annie_horton50
3307430086,roberttorres117
455118561,EricDarnes
24303633,Khoncepts
17312357,gstuedler
1256667345285677058,SickOfTrump2020
951905948712419328,BonitaCanadian
847899028826144768,persistentpengn
1251576007410188296,Bill19300155
999647220,Erla77506124
1007495788392402944,jay_greathouse
1249537514974691329,angell_lyn
274260305,chilz2011
1224464454047301632,auntyM13
807807715099680768,DeborahSimmon
913808495480360960,CraigLiddell58
1286438923065913344,Qfreezone
724267555066646530,rosie0424
1265653750074470400,tallulahbedhead
928054018731053056,Locou9
3297413262,ZenAndHopscotch
516736939,cody_young11
1281676352391766017,OnyxOso
1852945573,nrthcountrygrl
1283426339241046017,cookingwithACS
1755799957,MichaelFairfax1
1068345902790729729,gil4cosd9
1289681879046795267,mary_burry
924359605,maxxsings6464
2173135652,PapaESoCo
18989239,coastalmom11
3103213542,awelab1956
792790346,Judydalesimms
1076129354432819200,AngelMabel19761
997931370,spennington33
922556981147140097,Defeat_Trump2
817529499122356225,dcboyisangry
1029913691934875648,peggydumptrump
218906099,goaloa
166624682,Mysstyblue
122809802,RomeyRed
1102624776470908928,Ship_Love_00
1093337651048894464,Judith_FeyJude
18771924,logicBFF
213099999,grwaltonsr
519728191,JSavoly
956472636,Larry_du_Nord
410972730,dallasrbaird
634161481,JimLawrence85
907608038869274625,piddlebucket
322354051,klkolz
58945963,Mezzos
1272985579077070849,PamRobi46206268
910202693821521920,BenjaminBaughm2
1717482655,LISAMACNCHEESE
54114358,drmabb62
2788398650,khankiso
